4.2800E-2
8.4938E-3
-7.2990E-2
7.4971E-2
-4.1101E-2
8.5502E-3
6.7107E-3
-4.8600E-16
-3.0736E-2
8.2128E-2
-1.3431E-1
1.4450E-1
-6.9241E-2
-7.4729E-2
1.6839E-1
-8.0858E-2
-1.2242E-1
1.6124E-1
6.2702E-2
-1.8782E-1
-4.5062E-2
1.9505E-1
7.8338E-2
-1.7938E-1
-1.5191E-1
1.0745E-1
2.1968E-1
4.2395E-2
-1.9024E-1
-2.0514E-1
2.6475E-3
2.0963E-1
2.1813E-1
3.1415E-2
-1.8256E-1
-2.5307E-1
-1.3579E-1
7.6556E-2
2.3860E-1
2.5257E-1
1.1875E-1
-8.0420E-2
-2.3719E-1
-2.7658E-1
-1.8688E-1
-1.5049E-2
1.6236E-1
2.7465E-1
2.8323E-1
1.9081E-1
3.4315E-2
-1.3232E-1
-2.5752E-1
-3.0707E-1
-2.7132E-1
-1.6430E-1
-1.6740E-2
1.3382E-1
2.5278E-1
3.1580E-1
3.1266E-1
2.4739E-1
1.3559E-1
-4.8600E-16
-1.3457E-1
-2.4572E-1
-3.1686E-1
-3.3910E-1
-3.1155E-1
-2.4052E-1
-1.3769E-1
-1.7896E-2
1.0316E-1
2.1096E-1
2.9377E-1
3.4361E-1
3.5672E-1
3.3344E-1
2.7773E-1
1.9630E-1
9.7737E-2
-8.5656E-3
-1.1328E-1
-2.0795E-1
-2.8557E-1
-3.4100E-1
-3.7115E-1
-3.7497E-1
-3.5330E-1
-3.0867E-1
-2.4485E-1
-1.6658E-1
-7.9094E-2
1.2201E-2
1.0208E-1
1.8577E-1
2.5916E-1
3.1898E-1
3.6284E-1
3.8930E-1
3.9784E-1
3.8876E-1
3.6316E-1
3.2271E-1
2.6964E-1
2.0649E-1
1.3604E-1
6.1167E-2
-1.5283E-2
-9.0597E-2
-1.6227E-1
-2.2810E-1
-2.8619E-1
-3.3503E-1
-3.7348E-1
-4.0078E-1
-4.1657E-1
-4.2081E-1
-4.1378E-1
-3.9608E-1
-3.6852E-1
-3.3211E-1
-2.8806E-1
-2.3764E-1
-1.8222E-1
-1.2322E-1
-6.2023E-2
3.7119E-16
6.1546E-2
1.2140E-1
1.7844E-1
2.3167E-1
2.8024E-1
3.2340E-1
3.6058E-1
3.9132E-1
4.1531E-1
4.3237E-1
4.4245E-1
4.4561E-1
4.4201E-1
4.3192E-1
4.1569E-1
3.9374E-1
3.6654E-1
3.3464E-1
2.9858E-1
2.5897E-1
2.1642E-1
1.7153E-1
1.2493E-1
7.7213E-2
2.8967E-2
-1.9247E-2
-6.6895E-2
-1.1348E-1
-1.5853E-1
-2.0164E-1
-2.4241E-1
-2.8051E-1
-3.1564E-1
-3.4756E-1
-3.7605E-1
-4.0096E-1
-4.2215E-1
-4.3956E-1
-4.5313E-1
-4.6286E-1
-4.6877E-1
-4.7092E-1
-4.6940E-1
-4.6431E-1
-4.5579E-1
-4.4400E-1
-4.2912E-1
-4.1133E-1
-3.9083E-1
-3.6784E-1
-3.4257E-1
-3.1527E-1
-2.8615E-1
-2.5545E-1
-2.2340E-1
-1.9024E-1
-1.5619E-1
-1.2149E-1
-8.6334E-2
-5.0951E-2
-1.5539E-2
1.9705E-2
5.4596E-2
8.8957E-2
1.2262E-1
1.5544E-1
1.8727E-1
2.1797E-1
2.4742E-1
2.7552E-1
3.0216E-1
3.2727E-1
3.5076E-1
3.7257E-1
3.9264E-1
4.1093E-1
4.2741E-1
4.4206E-1
4.5484E-1
4.6577E-1
4.7484E-1
4.8206E-1
4.8744E-1
4.9101E-1
4.9280E-1
4.9284E-1
4.9118E-1
4.8786E-1
4.8293E-1
4.7644E-1
4.6845E-1
4.5903E-1
4.4823E-1
4.3612E-1
4.2278E-1
4.0826E-1
3.9265E-1
3.7601E-1
3.5841E-1
3.3993E-1
3.2064E-1
3.0062E-1
2.7993E-1
2.5865E-1
2.3684E-1
2.1459E-1
1.9194E-1
1.6899E-1
1.4578E-1
1.2238E-1
9.8854E-2
7.5265E-2
5.1667E-2
2.8119E-2
4.6724E-3
-1.8620E-2
-4.1708E-2
-6.4545E-2
-8.7085E-2
-1.0929E-1
-1.3111E-1
-1.5251E-1
-1.7346E-1
-1.9393E-1
-2.1387E-1
-2.3327E-1
-2.5210E-1
-2.7032E-1
-2.8792E-1
-3.0488E-1
-3.2118E-1
-3.3681E-1
-3.5174E-1
-3.6597E-1
-3.7948E-1
-3.9227E-1
-4.0432E-1
-4.1564E-1
-4.2622E-1
-4.3606E-1
-4.4515E-1
-4.5349E-1
-4.6110E-1
-4.6796E-1
-4.7409E-1
-4.7949E-1
-4.8416E-1
-4.8812E-1
-4.9137E-1
-4.9392E-1
-4.9579E-1
-4.9697E-1
-4.9749E-1
-4.9736E-1
-4.9659E-1
-4.9520E-1
-4.9319E-1
-4.9058E-1
-4.8739E-1
-4.8364E-1
-4.7934E-1
-4.7450E-1
-4.6914E-1
-4.6329E-1
-4.5695E-1
-4.5014E-1
-4.4289E-1
-4.3520E-1
-4.2710E-1
-4.1861E-1
-4.0973E-1
-4.0049E-1
-3.9091E-1
-3.8100E-1
-3.7078E-1
-3.6027E-1
-3.4948E-1
-3.3844E-1
-3.2715E-1
-3.1563E-1
-3.0391E-1
-2.9200E-1
-2.7990E-1
-2.6765E-1
-2.5525E-1
-2.4272E-1
-2.3007E-1
-2.1732E-1
-2.0448E-1
-1.9157E-1
-1.7860E-1
-1.6558E-1
-1.5253E-1
-1.3945E-1
-1.2637E-1
-1.1329E-1
-1.0022E-1
-8.7180E-2
-7.4176E-2
-6.1220E-2
-4.8320E-2
-3.5489E-2
-2.2734E-2
-1.0066E-2
2.5065E-3
1.4975E-2
2.7332E-2
3.9568E-2
5.1677E-2
6.3650E-2
7.5481E-2
8.7164E-2
9.8691E-2
1.1006E-1
1.2126E-1
1.3228E-1
1.4313E-1
1.5380E-1
1.6428E-1
1.7456E-1
1.8466E-1
1.9455E-1
2.0424E-1
2.1372E-1
2.2300E-1
2.3206E-1
2.4091E-1
2.4954E-1
2.5795E-1
2.6614E-1
2.7411E-1
2.8186E-1
2.8938E-1
2.9667E-1
3.0374E-1
3.1058E-1
3.1719E-1
3.2357E-1
3.2973E-1
3.3566E-1
3.4136E-1
3.4683E-1
3.5207E-1
3.5709E-1
3.6188E-1
3.6645E-1
3.7079E-1
3.7491E-1
3.7881E-1
3.8249E-1
3.8595E-1
3.8920E-1
3.9223E-1
3.9505E-1
3.9765E-1
4.0005E-1
4.0224E-1
4.0423E-1
4.0601E-1
4.0760E-1
4.0899E-1
4.1018E-1
4.1118E-1
4.1199E-1
4.1262E-1
4.1306E-1
4.1331E-1
4.1339E-1
4.1330E-1
4.1303E-1
4.1259E-1
4.1199E-1
4.1122E-1
4.1029E-1
4.0920E-1
4.0796E-1
4.0656E-1
4.0502E-1
4.0334E-1
4.0151E-1
3.9954E-1
3.9744E-1
3.9520E-1
3.9284E-1
3.9034E-1
3.8773E-1
3.8500E-1
3.8215E-1
3.7919E-1
3.7611E-1
3.7293E-1
3.6965E-1
3.6627E-1
3.6279E-1
3.5921E-1
3.5555E-1
3.5180E-1
3.4796E-1
3.4404E-1
3.4005E-1
3.3597E-1
3.3183E-1
3.2762E-1
3.2334E-1
3.1899E-1
3.1459E-1
3.1013E-1
3.0562E-1
3.0105E-1
2.9644E-1
2.9178E-1
2.8708E-1
2.8234E-1
2.7756E-1
2.7274E-1
2.6790E-1
2.6303E-1
2.5813E-1
2.5321E-1
2.4826E-1
2.4330E-1
2.3832E-1
2.3333E-1
2.2833E-1
2.2332E-1
2.1831E-1
2.1329E-1
2.0828E-1
2.0326E-1
1.9825E-1
1.9325E-1
1.8825E-1
1.8327E-1
1.7830E-1
1.7335E-1
1.6841E-1
1.6350E-1
1.5860E-1
1.5374E-1
1.4890E-1
1.4409E-1
1.3931E-1
1.3457E-1
1.2986E-1
1.2519E-1
1.2056E-1
1.1597E-1
1.1143E-1
1.0693E-1
1.0248E-1
9.8087E-2
9.3743E-2
8.9455E-2
8.5225E-2
8.1054E-2
7.6945E-2
7.2900E-2
6.8921E-2
6.5011E-2
6.1172E-2
5.7407E-2
5.3717E-2
5.0106E-2
4.6577E-2
4.3131E-2
3.9772E-2
3.6503E-2
3.3327E-2
3.0248E-2
2.7269E-2
2.4394E-2
2.1628E-2
1.8975E-2
1.6441E-2
1.4031E-2
1.1753E-2
9.6147E-3
7.6254E-3
5.7972E-3
4.1453E-3
2.6905E-3
1.4634E-3
5.1696E-4
0.0000E+0
