0.0000
1.4392E-6
6.5297E-6
0.0000
0.0000
0.0001
0.0001
0.0001
0.0002
0.0003
0.0004
0.0006
0.0007
0.0009
0.0012
0.0015
0.0018
0.0021
0.0025
0.0028
0.0031
0.0033
0.0033
0.0032
0.0029
0.0023
0.0014
0.0001
-0.0016
-0.0035
-0.0057
-0.0079
-0.0099
-0.0115
-0.0122
-0.0118
-0.0100
-0.0065
-0.0015
0.0049
0.0121
0.0191
0.0249
0.0280
0.0274
0.0221
0.0119
-0.0025
-0.0193
-0.0356
-0.0480
-0.0528
-0.0471
-0.0300
-0.0028
0.0299
0.0609
0.0819
0.0851
0.0657
0.0249
-0.0297
-0.0842
-0.1216
-0.1267
-0.0916
-0.0210
0.0671
0.1443
0.1806
0.1552
0.0675
-0.0582
-0.1771
-0.2388
-0.2083
-0.0845
0.0914
0.2470
0.3069
0.2288
0.0318
-0.2024
-0.3594
-0.3476
-0.1516
0.1453
0.3913
0.4411
0.2433
-0.1144
-0.4352
-0.5190
-0.2884
0.1427
0.5158
0.5791
0.2605
-0.2579
-0.6335
-0.5877
-0.1174
0.4678
0.7407
0.4697
-0.1771
-0.7199
-0.7187
-0.1374
0.5837
0.8502
0.4081
-0.4026
-0.8922
-0.6081
0.2330
0.8873
0.7378
-0.1100
-0.8737
-0.8084
0.0522
0.8765
0.8288
-0.0682
-0.9051
-0.7979
0.1607
0.9509
0.7033
-0.3243
-0.9869
-0.5255
0.5387
0.9674
0.2507
-0.7575
-0.8366
0.1089
0.9032
0.5509
-0.4917
-0.8798
-0.1177
0.7776
0.6159
-0.3659
-0.8191
-0.1346
0.7104
0.5284
-0.3929
-0.7129
0.0102
0.6840
0.3174
-0.5023
-0.5238
0.2503
0.5967
4.6226E-15
-0.5601
-0.2023
0.4539
0.3374
-0.3176
-0.4070
0.1814
0.4238
-0.0638
-0.4050
-0.0269
0.3664
0.0899
-0.3202
-0.1284
0.2749
0.1474
-0.2349
-0.1519
0.2024
0.1463
-0.1775
-0.1336
0.1592
0.1164
-0.1459
-0.0961
0.1359
0.0738
-0.1275
-0.0504
0.1188
0.0268
-0.1085
-0.0041
0.0955
-0.0165
-0.0793
0.0335
0.0600
-0.0453
-0.0387
0.0507
0.0171
-0.0492
0.0026
0.0410
-0.0178
-0.0278
0.0265
0.0123
-0.0278
0.0023
0.0223
-0.0127
-0.0123
0.0169
0.0013
-0.0148
0.0071
0.0082
-0.0107
-0.0004
0.0090
-0.0054
-0.0040
0.0070
-0.0014
-0.0047
0.0045
0.0007
-0.0041
0.0025
0.0014
-0.0031
0.0012
0.0015
-0.0022
0.0006
0.0013
-0.0015
0.0003
0.0009
-0.0011
0.0002
0.0007
-0.0008
0.0002
0.0004
-0.0005
0.0002
0.0002
-0.0004
0.0002
0.0001
