5.9280E-4
2.9939E-4
-3.6390E-4
-1.0645E-3
-1.2857E-3
-6.4123E-4
7.6964E-4
2.2232E-3
2.6516E-3
1.3059E-3
-1.5478E-3
-4.4150E-3
-5.2001E-3
-2.5289E-3
2.9599E-3
8.3374E-3
9.6970E-3
4.6569E-3
-5.3824E-3
-1.4971E-2
-1.7195E-2
-8.1544E-3
9.3068E-3
2.5563E-2
2.8993E-2
1.3577E-2
-1.5302E-2
-4.1505E-2
-4.6484E-2
-2.1497E-2
2.3924E-2
6.4080E-2
7.0870E-2
3.2363E-2
-3.5568E-2
-9.4075E-2
-1.0274E-1
-4.6331E-2
5.0282E-2
1.3133E-1
1.4163E-1
6.3069E-2
-6.7591E-2
-1.7433E-1
-1.8565E-1
-8.1639E-2
8.6397E-2
2.2004E-1
2.3141E-1
1.0049E-1
-1.0501E-1
-2.6411E-1
-2.7428E-1
-1.1761E-1
1.2137E-1
3.0143E-1
3.0912E-1
1.3089E-1
-1.3339E-1
-3.2714E-1
-3.3128E-1
-1.3852E-1
1.3940E-1
3.3760E-1
3.3760E-1
1.3940E-1
-1.3852E-1
-3.3128E-1
-3.2714E-1
-1.3339E-1
1.3089E-1
3.0912E-1
3.0143E-1
1.2137E-1
-1.1761E-1
-2.7428E-1
-2.6411E-1
-1.0501E-1
1.0049E-1
2.3141E-1
2.2004E-1
8.6397E-2
-8.1639E-2
-1.8565E-1
-1.7433E-1
-6.7591E-2
6.3069E-2
1.4163E-1
1.3133E-1
5.0282E-2
-4.6331E-2
-1.0274E-1
-9.4075E-2
-3.5568E-2
3.2363E-2
7.0870E-2
6.4080E-2
2.3924E-2
-2.1497E-2
-4.6484E-2
-4.1505E-2
-1.5303E-2
1.3577E-2
2.8994E-2
2.5565E-2
9.3048E-3
-8.1570E-3
-1.7191E-2
-1.4967E-2
-5.3881E-3
4.6495E-3
9.7066E-3
8.3498E-3
2.9440E-3
-2.5493E-3
-5.1742E-3
-4.3822E-3
-1.5894E-3
1.2534E-3
2.7177E-3
2.3061E-3
6.6594E-4
-7.7047E-4
-1.1251E-3
-8.6556E-4
-6.0952E-4
-2.9219E-6
9.6374E-4
9.3837E-4
-3.8960E-4
-8.0533E-4
5.5482E-4
7.7422E-4
-1.2548E-3
-1.3660E-3
1.8099E-3
2.1158E-3
-2.3846E-3
-2.8825E-3
3.3362E-3
3.9461E-3
-4.6839E-3
-5.4606E-3
6.3973E-3
7.4343E-3
-8.6009E-3
-9.9485E-3
1.1453E-2
1.3156E-2
-1.5069E-2
-1.7196E-2
1.9567E-2
2.2191E-2
-2.5087E-2
-2.8275E-2
3.1766E-2
3.5577E-2
-3.9721E-2
-4.4206E-2
4.9045E-2
5.4241E-2
-5.9800E-2
-6.5721E-2
7.2002E-2
7.8634E-2
-8.5609E-2
-9.2908E-2
1.0051E-1
1.0840E-1
-1.1654E-1
-1.2489E-1
1.3342E-1
1.4209E-1
-1.5085E-1
-1.5964E-1
1.6842E-1
1.7711E-1
-1.8567E-1
-1.9404E-1
2.0214E-1
2.0992E-1
-2.1732E-1
-2.2426E-1
2.3071E-1
2.3659E-1
-2.4186E-1
-2.4647E-1
2.5038E-1
2.5355E-1
-2.5596E-1
-2.5757E-1
2.5838E-1
2.5838E-1
-2.5757E-1
-2.5596E-1
2.5355E-1
2.5038E-1
-2.4647E-1
-2.4186E-1
2.3659E-1
2.3071E-1
-2.2426E-1
-2.1732E-1
2.0992E-1
2.0214E-1
-1.9404E-1
-1.8567E-1
1.7711E-1
1.6842E-1
-1.5964E-1
-1.5085E-1
1.4209E-1
1.3342E-1
-1.2489E-1
-1.1654E-1
1.0840E-1
1.0051E-1
-9.2908E-2
-8.5609E-2
7.8635E-2
7.2002E-2
-6.5721E-2
-5.9800E-2
5.4241E-2
4.9045E-2
-4.4207E-2
-3.9721E-2
3.5578E-2
3.1767E-2
-2.8275E-2
-2.5088E-2
2.2190E-2
1.9565E-2
-1.7197E-2
-1.5067E-2
1.3160E-2
1.1458E-2
-9.9453E-3
-8.6049E-3
7.4217E-3
6.3812E-3
-5.4692E-3
-4.6729E-3
3.9800E-3
3.3791E-3
-2.8600E-3
-2.4130E-3
2.0295E-3
1.7015E-3
-1.4221E-3
-1.1848E-3
9.8404E-4
8.1471E-4
-6.7240E-4
-5.5321E-4
4.5371E-4
