10.7 
10.3 
10.1 
10.1 
9.3 
9 
9.7 
9.2 
7.4 
10.4 
9.7 
9.4 
9.1 
8.3 
8.1 
8.7 
8.7 
9.1 
9.3 
9.1 
9.5 
9.6 
9 
9.2 
9.3 
9.5 
9.5 
9.3 
8.5 
8.5 
9 
8.7 
8.9 
9 
8.7 
8.7 
8.6 
8.7 
8.5 
9.1 
9.1 
9.1 
9.3 
9.3 
9.3 
10.1 
9.8 
9.7 
9.5 
9.6 
9 
8.6 
8.7 
8.2 
8.8 
8.7 
8.7 
9.1 
9.3 
9.3 
10.6 
9.8 
9.7 
9.7 
10 
9.9 
9.4 
9.2 
9.5 
9.6 
9.5 
9.5 
9.5 
9.3 
10.1 
10.7 
11.1 
11.2 
11.2 
10.7 
10.1 
9.7 
9.8 
9.9 
9.9 
10.1 
10.1 
9.9 
10.7 
11 
10.7 
10.6 
10.4 
10.6 
10.4 
10.3 
10.5 
10.8 
10.7 
10.4 
13.3 
11.1 
12.2 
12.3 
13.9 
15.7 
15.9 
14.5 
15.4 
12.3 
12.1 
11.6 
11.9 
11.8 
12.2 
13.3 
13.6 
13.7 
14.9 
15.8 
15.2 
14.3 
14.3 
13.8 
13 
13.9 
13.7 
14.9 
13.7 
13.7 
14.1 
14.5 
15.6 
16 
17.6 
17.4 
17 
16.8 
15.9 
16.1 
16.8 
19.6 
19.7 
17.8 
18.6 
19.3 
20.8 
21.4 
21 
21 
21 
21.3 
21.6 
20.7 
20 
19.8 
19.8 
20.2 
20.6 
19.9 
20.3 
21.3 
22.4 
23.2 
23.5 
24.8 
22.5 
21.8 
22 
23 
22.7 
24.1 
23.1 
23.2 
23.1 
23.1 
24.4 
24.7 
24.6 
24.8 
24.7 
25 
25 
24.2 
24.8 
23.8 
25 
25.6 
24.6 
24.7 
25 
26.5 
26.8 
26.5 
26.6 
26.5 
26.5 
26.4 
26 
26.3 
26.1 
27.2 
27.9 
24.5 
25.1 
25.4 
26 
27.2 
27.9 
28.8 
29.2 
29 
28.7 
29 
31.4 
29.2 
29 
30.4 
29.5 
28.2 
27 
27 
27.8 
27.8 
29 
28.5 
28.8 
29.1 
29.2 
28.9 
29.4 
28.6 
28.9 
28.1 
27.9 
28 
28.6 
29 
29.6 
29.3 
29 
29.6 
29.3 
29.2 
28.8 
29 
28.2 
27.2 
27.8 
27.9 
29.2 
28.8 
28.9 
29.1 
28.6 
27.6 
26.7 
26.8 
26.1 
26.2 
26.2 
26.2 
25.6 
25.2 
24.9 
25 
25 
25.4 
26.3 
25.4 
25.2 
25.4 
24.2 
24 
24.2 
24.7 
24 
23.2 
23.3 
22.8 
22.4 
22.8 
22.5 
22.7 
23 
23.3 
23.4 
23.3 
22.4 
22.1 
22.2 
22 
21.2 
21.2 
21 
20.6 
20.8 
21.7 
21.7 
21.2 
19.9 
19.5 
18.8 
18.9 
18.9 
19.4 
19.6 
18.7 
18.8 
18.8 
19.3 
19.3 
19.3 
18.9 
18.2 
17.8 
17.5 
17.2 
15.9 
16.5 
17.8 
17.7 
17.6 
16 
16.2 
16.5 
16.4 
17.4 
16.6 
16.5 
16 
15 
15 
16 
16 
15.7 
16 
15.2 
15.2 
15.4 
16.6 
17.4 
15.7 
16 
15.4 
13.6 
14 
13.8 
14.4 
14.9 
15.2 
14.1 
14 
13.1 
13 
12.9 
14.4 
14.6 
14.6 
13.4 
11.4 
8.4 
8.8 
10.5 
10.8 
11 
9.7 
8.6 
7.7 
8.3 
8 
7.8 
7.9 
7.8 
8 
8.6 
9.1 
9.3 
8.1 
8 
8.9 
8.4 
7.3 
7.2 
7.2 
8.2 
8.4 
8.6 
8.6 
8.8 
8.3 
8.2 
8.5 
8.9 
9 
8 
6.8 
7.4 
7.6 
7.9 
7.3 
7.4 
7.9 
7.6 
7.5 
7.4 
7.2 
7.4 
7.4 
7.6 
7.9 
7.8 
7.8 
8.2 
9.3 
9.4 
9.2 
8.8 
8.6 
7.4 
7.5 
8 
8.4 
8.7 
8.8 
9.4 
9.5 
9.6 
9.8 
12.9 
11 
11.2 
9.9 
9.7 
9.6 
8.9 
9 
9.3 
9.4 
9.6 
10.3 
9.7 
9.2 
10.7 
10.9 
10.7 
10.1 
9.6 
9.3 
9.2 
9.2 
9 
9.2 
9.5 
10.1 
9.4 
9.6 
9.9 
11.8 
11.8 
12.2 
12 
12.8 
11.4 
10.8 
10.6 
12.1 
11 
10.9 
11.1 
11.8 
12.5 
12.9 
14.2 
13.9 
13.8 
13.7 
13.1 
12.7 
12.6 
13 
12.6 
12.9 
13.2 
13.7 
14.1 
15 
15.6 
17.2 
17.5 
16.8 
16.1 
16.2 
15.4 
15.5 
15.8 
15.6 
15.5 
16 
16.8 
17.1 
17.5 
18.2 
20.6 
19.7 
18.1 
17.8 
17.6 
17.5 
17.6 
17.7 
18.2 
18.1 
18.1 
18.9 
19.6 
20.2 
21 
21.2 
21.1 
20.8 
20.6 
20.3 
19.5 
20.3 
19.8 
20.2 
20.6 
21 
21.9 
22.9 
23.4 
24.5 
24.1 
24.2 
23 
22.6 
22.4 
21.8 
23 
22.9 
23 
22.4 
22.6 
22 
22.3 
23 
23.5 
23.6 
23.4 
23.2 
23 
22.7 
22.6 
23 
23.6 
24 
24.7 
25 
25.2 
26.3 
26.5 
26.4 
26.8 
26.8 
26.9 
27 
26.3 
25.7 
25.6 
26.9 
27 
24.8 
24.6 
26 
27.3 
28.2 
28.2 
28.2 
27.7 
27.4 
27.5 
27.2 
27.8 
27.6 
27.6 
28.6 
28.6 
29 
28.8 
28.9 
30.1 
29 
29.3 
29.4 
29.5 
28.4 
28.1 
28 
28 
28.5 
28.4 
27.3 
27.6 
27.1 
29.1 
28.6 
28.4 
27.4 
25 
26.2 
27.3 
27.6 
27.5 
28 
28.6 
29.2 
28.4 
27.2 
27.2 
27.4 
27.7 
27 
27.3 
27.8 
27.8 
27.6 
27.2 
26.4 
26.1 
25.4 
26.4 
24 
23.7 
23.4 
23.2 
23.4 
23.6 
23.8 
24.1 
24.4 
24.8 
24 
22.4 
21.4 
21.8 
21.6 
21.5 
21.5 
21.4 
21 
21.2 
21 
20.9 
21 
21 
20.8 
20 
19.8 
20 
20.3 
20.2 
19.2 
17.8 
18.2 
18.2 
19.2 
19.6 
19.8 
19.4 
18.6 
18.6 
18.6 
18.4 
19.1 
18.8 
18.5 
18.8 
16.7 
15.2 
14.7 
16 
16.7 
17.1 
17.4 
16.9 
16 
16.9 
17.4 
14.8 
14.6 
15.2 
15.2 
14.4 
14.9 
14.7 
14.3 
14.3 
14.5 
15.4 
14.4 
13.8 
13.8 
14.1 
14.8 
15.1 
14.9 
14.5 
14.1 
13.7 
13.7 
14.5 
14.3 
13.3 
12.9 
11.5 
12.1 
12.7 
13.4 
13.3 
13 
12.3 
10.7 
10.1 
10.8 
11.6 
12.1 
12 
11.7 
11.1 
11.1 
11 
11.6 
11.7 
10.7 
10.7 
11 
10.7 
9.8 
10.3 
10.5 
10.3 
9.4 
10.1 
9.9 
8.5 
7.6 
7.7 
8.4 
8 
7.5 
6.7 
6.3 
6 
6 
5.8 
5.9 
6 
5.1 
5.2 
6.7 
7.2 
6.2 
7.2 
7.7 
7.7 
7.7 
7.8 
8.2 
8.8 
9.1 
8.3 
8.5 
8.1 
7.9 
8.1 
8.4 
8.5 
8.5 
8.5 
8.7 
9.9 
8.8 
8.8 
8.4 
8.1 
8.1 
8.2 
8.1 
8.3 
8 
7.8 
8.4 
8.4 
8.7 
9.2 
9.1 
9.1 
10.7 
10.1 
10.1 
9.5 
9.6 
9.5 
9.4 
9.5 
9.1 
9.1 
9.1 
9.3 
9.5 
9.9 
11.5 
13.1 
12.2 
11.8 
13 
12.2 
11.6 
10.4 
9.9 
11.1 
10.4 
10.4 
11.2 
10.9 
10.9 
11.9 
12.7 
12.5 
12.2 
11.5 
10.9 
11.4 
11.1 
11.2 
11.3 
11.6 
11.6 
12.3 
12.9 
13.7 
16.4 
17.8 
17.4 
15.2 
14.7 
13.7 
14.3 
14 
14.5 
14.2 
14.4 
15.4 
15.5 
16 
16.6 
19.1 
18.4 
17.3 
17.1 
17.2 
16 
16.7 
17.5 
17.3 
17 
17 
17.2 
17.4 
18 
20.6 
20.3 
19.9 
19 
18.5 
18.4 
18 
17.9 
17.8 
18 
18.1 
18.5 
18.5 
19.5 
20.5 
20 
21.6 
20.6 
20.1 
21.3 
20.2 
20 
20.3 
21 
22.9 
21.8 
21.5 
21.4 
23.6 
26.5 
26.9 
26.2 
25.4 
25.1 
23.8 
23.6 
22.7 
23.3 
24.4 
24.8 
23.7 
25.6 
24.7 
23.9 
23.6 
23.1 
22.8 
23.8 
24.7 
25.3 
25.6 
25.2 
26 
26.9 
27.6 
28.1 
28.3 
27.3 
27.2 
26.7 
29.6 
27.9 
26.8 
26.7 
26.3 
26.8 
27 
26.3 
27.4 
27.9 
27.5 
26.9 
27.5 
28.7 
29 
28.8 
30.1 
29.3 
29.4 
29.4 
28.8 
27.9 
27.9 
28.2 
28.5 
27.7 
27.5 
27.8 
28.1 
28.8 
27.8 
27.8 
27.6 
27.1 
28.2 
28.7 
28.5 
28.4 
28.4 
28.6 
27.3 
27.1 
26.8 
27.3 
27.4 
26.8 
27.4 
27.9 
27.5 
27.4 
27.3 
26.5 
26.9 
26.9 
26.1 
26 
25.8 
26.5 
26.6 
28.2 
28.3 
28 
27.9 
28.1 
27.5 
26.4 
26.3 
25.4 
24.8 
25 
25.1 
24.9 
24.6 
23.4 
23.4 
23 
23.2 
22.9 
23.2 
23 
22.4 
22.5 
22.3 
22.4 
22.4 
22.8 
22.6 
22.1 
22.2 
22.3 
22.2 
20.8 
21.3 
21.6 
21.4 
21.4 
21 
21.1 
20.9 
20.1 
19.9 
20 
18.2 
18.2 
18.2 
18.4 
19.3 
19.8 
20.4 
21.1 
20.4 
20.2 
19.8 
20 
19.7 
19.7 
18.9 
18.6 
19.4 
20.2 
20.3 
20.1 
19.7 
18.6 
16.1 
15.5 
16.1 
14.5 
16 
16 
15.1 
13.6 
14.5 
14.8 
13.1 
13.3 
14.2 
13 
12.2 
11.9 
12.2 
13.9 
14.6 
14.6 
13.2 
13.3 
12.5 
10.9 
11.3 
10.6 
10.2 
10 
10.2 
10.1 
9.9 
8.1 
10.2 
10.7 
11.3 
11.2 
10 
8.7 
9.5 
10.5 
10.1 
9.4 
9.3 
10.5 
10.2 
10.5 
10.2 
10.7 
10.6 
10.7 
10.3 
9.7 
9.7 
10.5 
9.5 
9.4 
10.3 
11 
9.3 
7.7 
8.2 
7 
8.5 
9.2 
8.8 
9.1 
8.8 
7.3 
8.5 
8.3 
8.4 
8.4 
8.2 
7.6 
7.8 
8.6 
8.5 
8.5 
8.4 
8.6 
7.7 
7.6 
8.8 
8.2 
7.4 
7.9 
7.9 
7.6 
7.6 
7.6 
7.9 
7.9 
8 
8.1 
8.5 
7.7 
7.2 
7.8 
8 
8 
8.1 
7.4 
7.8 
7.7 
8.3 
8.2 
8.6 
8.5 
8.8 
8 
8.4 
10.2 
9.4 
9.2 
8.9 
9.8 
9 
9.2 
8.8 
8.8 
9.3 
8.8 
9.1 
9 
9.5 
10 
9.9 
11.9 
11.3 
11 
10.4 
10.1 
10 
10.3 
10.3 
10.6 
10.5 
11.2 
11.8 
12.3 
12.3 
14.4 
14.8 
13.9 
14 
13.3 
12.9 
12.7 
12.5 
13.5 
15.5 
12.7 
12.8 
13.3 
13.8 
14.6 
16.2 
16.2 
16.8 
15.2 
14.8 
15 
15.2 
15.2 
15.3 
14.7 
15.4 
16.1 
17 
17.7 
19.6 
18.2 
20 
20.1 
19 
19 
18.7 
17.7 
18.6 
17.9 
18 
18.1 
18.6 
19 
20.1 
21.1 
21.6 
21.9 
20.9 
20.5 
20.4 
20.2 
20 
20.6 
20.7 
20.6 
20.9 
22 
22.5 
23.2 
23.5 
24.2 
23.1 
22.6 
22.6 
22.6 
22.8 
22.7 
22.5 
22.2 
21.6 
22.1 
22.6 
22.6 
23.8 
23.8 
24.7 
25.5 
25.4 
25.1 
25 
25.8 
26 
26.6 
27.7 
27.5 
25.1 
26.3 
25.7 
26.7 
27.3 
27.3 
27.2 
27.1 
26.3 
25.8 
25.9 
25.7 
26 
25.9 
25.5 
26.4 
27 
28.4 
28.9 
29.1 
29 
28.9 
29.3 
29.5 
29.3 
29.2 
29.2 
29.4 
29.7 
29.9 
27.7 
27.4 
27.3 
27.8 
28.8 
28.3 
29.8 
28.7 
28.9 
28.3 
28.7 
29.2 
28.3 
28.1 
28.3 
28.3 
28 
28.3 
28.5 
26.8 
27.9 
28.9 
29.5 
30.1 
29.6 
29 
29.3 
29.7 
29.5 
28.8 
28.2 
28.5 
28.9 
28.7 
29.8 
29.9 
30 
29.8 
28.9 
27.7 
26 
25.8 
25.6 
25 
24.9 
24.7 
24.8 
24.9 
26 
25.7 
25.5 
25.6 
24.9 
24.9 
24.1 
24 
23.4 
23 
23.2 
23.7 
23.7 
23.2 
23 
23.3 
24.5 
24.1 
23.9 
24.4 
22.9 
22.2 
22.2 
22.8 
23.1 
23.4 
23.3 
22.6 
22.3 
21.7 
20.5 
19.2 
19.4 
19.3 
19.4 
19.5 
19.7 
19 
18.5 
18.5 
18.4 
18.6 
18.3 
18.3 
18.3 
18.6 
18.8 
19.1 
19.2 
19.5 
19 
18.9 
19.3 
19.6 
19.5 
19.1 
18.8 
18.8 
18.3 
18.5 
18.3 
18.2 
18.3 
17.8 
18 
18.1 
17.9 
17.4 
18.1 
18.1 
17.8 
17.8 
17 
15.6 
15.8 
14.9 
15.3 
16.2 
16.9 
17.1 
16.3 
15.3 
14.6 
13.8 
15.3 
15 
13.1 
12.9 
11.7 
11.2 
11 
10.1 
9.4 
10.5 
12.1 
12.7 
12.3 
12.5 
13.2 
13.2 
13.2 
12.1 
11.1 
10.9 
11.2 
9.4 
9.2 
9.9 
10.5 
11.4 
12 
10.8 
10.9 
10.4 
11 
9.6 
9.6 
9.2 
8.9 
9.4 
9.7 
9.3 
9.5 
10 
9.6 
8.4 
9.9 
10.2 
10 
9.4 
9.1 
8.4 
8.2 
8.1 
7.8 
8.2 
8 
7.2 
7.1 
7.9 
8.8 
8.8 
8.4 
8.8 
9.2 
8.6 
8.6 
8.8 
9.7 
9.8 
10 
9.3 
9.1 
8.8 
8.4 
8.6 
8.6 
8.9 
8.8 
9 
8.9 
8.8 
9.9 
10.1 
9.7 
9.2 
9.8 
10 
9.8 
9.9 
9.4 
9.7 
9.8 
9.7 
10.2 
10.5 
10.6 
12 
11.6 
12.2 
11.6 
12 
11.6 
11.1 
10.8 
11 
10.7 
10.8 
11.1 
11.3 
12 
13 
13.3 
13.3 
12.6 
12.9 
12.6 
12.6 
12 
11.9 
12.3 
12.7 
12.1 
12.4 
12.6 
13.2 
15.4 
15.9 
16.1 
15.1 
14.4 
14.5 
14 
14.4 
14.2 
16.1 
16.7 
14.2 
14.1 
14.7 
16.9 
16.3 
16.4 
16.7 
16.7 
17.3 
16 
15.3 
15.9 
15.6 
15.9 
15.3 
15.7 
15.6 
16.4 
17.2 
18.5 
18.1 
18 
17.2 
17.5 
20 
18.3 
17.4 
17.1 
17.7 
17.6 
20.1 
18.9 
21.3 
21.1 
21.7 
22.2 
19.1 
19.2 
19.5 
19.6 
20.1 
20.4 
20.4 
20.1 
20.2 
20.3 
20.6 
20.6 
20.6 
21.2 
21 
21 
21.1 
21.2 
21.6 
21.7 
22 
22.3 
22.4 
22.1 
22.4 
22.3 
22.2 
22.2 
22.3 
22.2 
23.2 
23.5 
23.3 
23.9 
22.7 
22.7 
22.9 
24 
23.2 
23.5 
24.6 
24.9 
25.5 
25.9 
25.9 
25.9 
25.9 
25.8 
26.3 
26.6 
27.3 
28.2 
28.5 
28.6 
27.6 
26.6 
26.8 
27.9 
28.2 
28.2 
27.6 
27.4 
26.6 
25.7 
25 
24.7 
24.6 
24.5 
24.6 
26.1 
27.1 
27.8 
29.2 
29.4 
29 
28.3 
28 
27.8 
27.4 
26.9 
27.1 
27.6 
27.9 
26.3 
28 
28.3 
29.3 
28.5 
28.6 
28.6 
28.5 
28.6 
28.6 
28.6 
28.2 
28.8 
27.9 
28 
29.2 
29.4 
29.9 
30.6 
29.8 
30.2 
28.9 
28.4 
27.7 
27.1 
25.2 
25.7 
25.2 
24.5 
24.5 
24.6 
24.1 
24.2 
24.1 
25.3 
25.6 
26 
25.2 
25 
24.7 
24.5 
24.7 
24.3 
23.1 
23.1 
21.9 
21.3 
21.3 
21.5 
22 
22.7 
22.9 
23.2 
23.7 
22.9 
23.2 
22.4 
22.2 
22 
22 
21.6 
21.6 
21.9 
21.3 
21.7 
21.5 
21.7 
21.6 
21.6 
20.8 
19.5 
19 
19.7 
19.4 
19.2 
19.1 
19.2 
16.2 
18.6 
18.3 
17.3 
18 
18.2 
17.3 
16.1 
16.2 
17.3 
18 
17.8 
16.2 
15.6 
15.6 
15.3 
14.9 
14.4 
14.6 
15.4 
15 
14.2 
14.1 
14.4 
14.2 
14.6 
13.6 
12.8 
11.4 
9.9 
10.5 
11.4 
10.7 
11.8 
12.4 
12.4 
11.8 
12.1 
11.6 
10.8 
10.9 
11.4 
11 
10.5 
9.9 
10.8 
11.2 
10 
10 
9.3 
8.9 
9.7 
9.8 
10.3 
