0.004130
0.004290
0.004116
0.003964
0.003894
0.004029
0.004282
0.004198
0.004089
0.004195
0.004146
0.004081
0.004027
0.003828
0.003883
0.004181
0.004385
0.004567
0.004458
0.004328
0.004279
0.004396
0.004152
0.004124
0.004171
0.004010
0.004048
0.004043
0.004013
0.003793
0.004008
0.004152
0.004206
0.004314
0.004374
0.004491
0.004583
0.004673
0.004711
0.004844
0.005007
0.005088
0.004719
0.005004
0.005181
0.005395
0.005384
0.005362
0.005759
0.005973
0.005873
0.005952
0.005954
0.005851
0.005954
0.006215
0.006375
0.006343
0.006166
0.006356
0.006568
0.006449
0.006465
0.006446
0.006443
0.006620
0.006810
0.006837
0.006728
0.006587
0.006796
0.007070
0.007108
0.007021
0.007057
0.006709
0.006745
0.006503
0.006595
0.006622
0.006318
0.006508
0.006652
0.006742
0.006913
0.007065
0.007214
0.007502
0.007801
0.007863
0.008181
0.008344
0.008539
0.008737
0.009080
0.009495
0.009666
0.009989
0.009910
0.010253
0.010209
0.010801
0.011591
0.011521
0.012039
0.011434
0.012205
0.012319
0.011988
0.012064
0.012894
0.013046
0.012636
0.012563
0.013245
0.013166
0.012718
0.012555
0.012425
0.012609
0.012335
0.011803
0.011955
0.012232
0.012702
0.012911
0.013171
0.012446
0.011941
0.011197
0.010956
0.010950
0.011165
0.011203
0.011434
0.011496
0.011865
0.012150
0.012484
0.012951
0.013294
0.013834
0.014255
0.014524
0.015102
0.014871
0.015246
0.015504
0.015737
0.015601
0.016221
0.016128
0.015490
0.015477
0.015539
0.016036
0.015756
0.015145
0.014939
0.015132
0.014993
0.015547
0.015162
0.015343
0.014882
0.014589
0.015061
0.015422
0.016215
0.016880
0.017410
0.017874
0.018056
0.017817
0.017768
0.018406
0.018262
0.018463
0.019300
0.019479
0.018754
0.019066
0.019085
0.018477
0.017103
0.015105
0.015468
0.015889
0.015748
0.015251
0.016302
0.017008
0.017665
0.017898
0.017831
0.018670
0.019044
0.019036
0.018754
0.019272
0.019780
0.019829
0.019718
0.020139
0.020758
0.021013
0.021396
0.021705
0.021917
0.021787
0.022596
0.022265
0.022647
0.023038
0.023199
0.022797
0.023383
0.023554
0.023576
0.023885
0.024241
0.023090
0.023055
0.023484
0.024268
0.024814
0.025020
0.024906
0.025338
0.025167
0.024133
0.024871
0.023562
0.023367
0.023307
0.021898
0.021127
0.020942
0.021990
0.022083
0.022930
0.023720
0.024279
0.024697
0.025140
0.024825
0.025254
0.025656
0.026014
0.025973
0.025159
0.025876
0.025805
0.024640
0.024190
0.025976
0.026573
0.027296
0.027233
0.026639
0.027516
0.028173
0.028618
0.028911
0.027706
0.027548
0.026962
0.027494
0.028406
0.026918
0.025715
0.025572
0.025661
0.025935
0.026123
0.024738
0.024521
0.023666
0.024070
0.023337
0.020652
0.020524
0.020559
0.021157
0.022422
0.022908
0.022884
0.024450
0.025384
0.026367
0.027043
0.027977
0.027597
0.027076
0.026880
0.026402
0.026989
0.026416
0.025191
0.026926
0.028048
0.028575
0.029240
0.029544
0.029229
0.029327
0.029109
0.030141
0.029701
0.029748
0.031238
0.031903
0.032153
0.030997
0.030524
0.029940
0.029112
0.028442
0.028735
0.028184
0.028675
0.029824
0.027703
0.025735
0.026096
0.025373
0.026457
0.025105
0.024347
0.024380
0.022487
0.020644
0.018496
0.018854
0.019479
0.018211
0.019701
0.021749
0.022748
0.023003
0.024464
0.025088
0.025113
0.023272
0.022989
0.024048
0.024456
0.024084
0.026299
0.027326
0.027445
0.027676
0.027467
0.027632
0.028292
0.028045
0.028632
0.027665
0.027475
0.028417
0.028186
0.027412
0.027307
0.026894
0.026815
0.026959
0.027201
0.026541
0.026128
0.025452
0.025599
0.025474
0.024505
0.024160
0.024116
0.025172
0.026449
0.026516
0.026389
0.028216
0.028200
0.027309
0.025715
0.026096
0.027073
0.026671
0.027182
0.027714
0.027079
0.027622
0.027888
0.029150
0.029487
0.028366
0.028146
0.029264
0.030103
0.031317
0.028425
0.027958
0.029240
0.031102
0.032536
0.033533
0.034350
0.035357
0.036831
0.036242
0.036104
0.034863
0.036164
0.036500
0.035767
0.035916
0.035061
0.035197
0.032112
0.032528
0.033375
0.033611
0.031844
0.031089
0.030095
0.031580
0.031591
0.029786
0.029699
0.029772
0.033242
0.036020
0.037497
0.037842
0.039172
0.039859
0.041238
0.042821
0.044556
0.045178
0.045333
0.044100
0.045387
0.045520
0.044863
0.044627
0.045178
0.042696
0.042748
0.042791
0.042506
0.041575
0.041021
0.044643
0.045102
0.044752
0.045145
0.044659
0.046595
0.049112
0.048716
0.049042
0.050204
0.051287
0.052278
0.051130
0.049976
0.050551
0.053611
0.056275
0.056527
0.059563
0.063082
0.064616
0.064746
0.066603
0.065213
0.066522
0.064695
0.064448
0.066546
0.067502
0.071819
0.076278
0.079411
0.078556
0.078501
0.081830
0.084195
0.089427
0.086522
0.076069
0.066525
0.065425
0.068010
0.070087
0.072153
0.071303
0.069541
0.073495
0.073052
0.071608
0.072759
0.075319
0.073587
0.075078
0.077494
0.079829
0.079476
0.082066
0.085238
0.087899
0.090125
0.094111
0.094306
0.094325
0.093943
0.094643
0.092308
0.089723
0.091901
0.091822
0.095099
0.097852
0.097755
0.089805
0.085640
0.083389
0.085607
0.089262
0.088376
0.098360
0.101081
0.103090
0.102631
0.102713
0.103267
0.105729
0.105132
0.105045
0.104784
0.105488
0.112973
0.112018
0.110606
0.110619
0.112629
0.110853
0.112694
0.113476
0.113625
0.112001
0.114809
0.118284
0.118173
0.119930
0.122227
0.120304
0.120894
