*TRIMBAL SOLUTION DATA       time: Thu Sep  2 05:37:09 2010
*
*
*
*
*
$BALANCE-COEFFS
*P_Flange
*
*Speed   Amplitude   Phase
*-------------------------
1400   25.629999   246.529999
1500   25.629999   246.529999
1600   32.279999   312.339996
1700   23.420000   307.320007
1800   17.290001   302.440002
1900   14.030000   303.809998
2000   16.629999   291.049988
2100   9.730000   226.330002
2200   8.610000   231.919998
2300   8.500000   231.529999
2400   9.860000   219.729996
2500   10.460000   213.710007
2600   11.270000   198.610001
2700   14.420000   197.360001
2800   17.040001   200.589996
2900   19.860001   216.490005
3000   15.370000   222.339996
3100   15.370000   222.339996
3200   12.160000   197.460007
3300   11.760000   198.899994
3400   8.280000   196.539993
3500   8.860000   180.399994
3600   7.020000   169.570007
3700   45.410000   157.889999
3800   30.379999   156.300003
3900   41.080002   108.339996
4000   435.200012   344.579987
4100   232.050003   93.800003
4200   1.000000   0.000000
$END-BALANCE-COEFFS
*
*
$CWHUNG-FRONT
None  0.000000
None  0.000000
None  0.000000
None  0.000000
None  0.000000
None  0.000000
None  0.000000
None  0.000000
None  0.000000
None  0.000000
None  0.000000
None  0.000000
None  0.000000
None  0.000000
None  0.000000
None  0.000000
None  0.000000
None  0.000000
$END-CWHUNG-FRONT
*
*
$CWHUNG-REAR
None  0.000000
None  0.000000
None  0.000000
None  0.000000
None  0.000000
None  0.000000
None  0.000000
None  0.000000
None  0.000000
None  0.000000
None  0.000000
None  0.000000
None  0.000000
None  0.000000
None  0.000000
None  0.000000
None  0.000000
None  0.000000
$END-CWHUNG-REAR
*
*
$OBS-COEFFS 1
*P_Flange
*
*Speed   Amplitude   Phase
*-------------------------
1400   0.144122   296.273193
1500   0.218300   305.573486
1600   0.328924   323.020050
1700   0.383607   340.212311
1800   0.471093   8.498596
1900   0.591508   36.013638
2000   0.749082   62.041393
2100   0.985108   100.639877
2200   1.111170   135.660126
2300   1.170736   163.122986
2400   1.117192   179.856232
2500   0.953603   190.172073
2600   0.789157   197.083557
2700   0.556917   200.112289
2800   0.455699   154.762833
2900   0.584840   136.117523
3000   0.739727   133.976807
3100   0.950540   134.150574
3200   1.229858   126.342697
3300   1.699003   126.716820
3400   3.382009   147.897430
3500   3.910999   176.774887
3600   3.790578   185.953751
3700   2.702147   144.899841
3800   3.217595   231.529968
3900   4.091947   223.163177
4000   4.061304   247.371490
4100   3.271680   276.205322
4200   0.000000   0.000000
$END-OBS-COEFFS
*
*
$CWHUNG-FRONT
None  0.000000
None  0.000000
None  0.000000
None  0.000000
None  0.000000
None  0.000000
None  0.000000
None  0.000000
None  0.000000
None  0.000000
None  0.000000
None  0.000000
None  0.000000
None  0.000000
None  0.000000
None  0.000000
None  0.000000
None  0.000000
$END-CWHUNG-FRONT
*
*
$CWHUNG-REAR
2xCLIP  5.800000
None  0.000000
None  0.000000
None  0.000000
None  0.000000
None  0.000000
None  0.000000
None  0.000000
None  0.000000
None  0.000000
None  0.000000
None  0.000000
None  0.000000
None  0.000000
None  0.000000
None  0.000000
None  0.000000
2xCLIP  5.800000
$END-CWHUNG-REAR
*
*
$OBS-COEFFS 2
*P_Flange
*
*Speed   Amplitude   Phase
*-------------------------
1400   1.240193   238.766968
1500   1.486555   267.811188
1600   1.351080   285.524139
1700   1.137542   294.274414
1800   1.024763   299.966248
1900   0.931424   304.509277
2000   0.861717   317.531250
2100   0.852702   325.196625
2200   0.790949   349.191895
2300   0.723588   11.792763
2400   0.659003   35.157806
2500   0.586643   55.291786
2600   0.481915   82.237747
2700   0.313324   96.928123
2800   0.292429   68.524811
2900   0.415073   70.729042
3000   0.512482   73.183273
3100   0.645782   77.474564
3200   0.841671   87.398849
3300   1.335721   94.475967
3400   1.899318   114.397507
3500   2.031040   145.413834
3600   1.988318   153.937790
3700   1.921702   157.985962
3800   1.525352   148.276443
3900   1.718414   244.782166
4000   0.000000   0.000000
4100   0.522904   9.510162
4200   0.000000   0.000000
$END-OBS-COEFFS
