0.245
0.606
1.126
-0.209
0.452
-0.762
-0.787
-0.655
-0.674
0.701
0.020
-0.633
-2.271
-2.261
-1.906
-1.280
0.191
0.230
1.614
2.110
0.503
1.160
1.074
-0.604
0.035
0.244
-0.381
-0.475
-1.021
1.212
1.585
1.600
1.800
1.667
1.639
2.447
2.161
-0.643
0.615
-0.091
0.893
-1.052
-0.812
-0.627
-0.945
-0.109
0.628
-0.217
1.019
0.298
1.867
1.424
0.272
1.125
-0.267
-0.171
-0.193
-1.196
-2.022
-1.604
-0.325
-0.942
-0.325
0.193
0.337
-0.084
1.223
0.518
0.365
-0.502
-0.066
0.316
-0.566
1.427
-0.777
2.714
0.178
0.174
0.541
0.055
0.653
-2.030
-1.239
-2.221
-1.373
-0.953
-1.457
-0.685
0.379
0.775
2.130
1.323
0.807
0.280
-0.253
-0.907
-0.706
1.845
-0.743
0.183
-0.759
0.168
3.181
1.114
0.240
0.121
0.202
0.137
-0.161
0.110
-0.182
-2.087
-1.232
-1.829
-1.239
-1.019
0.385
-0.691
-0.585
1.078
1.238
0.651
0.121
-0.209
-0.431
-1.105
0.777
1.205
-0.501
0.238
-2.167
-0.506
0.944
-0.298
-0.438
0.130
0.290
0.314
1.376
-3.080
-2.260
-3.202
-1.788
-0.393
-1.428
0.125
1.155
1.629
1.822
-0.174
-0.410
-0.139
-0.403
0.338
0.026
0.018
1.435
0.265
0.685
0.924
0.924
1.999
1.746
0.579
1.608
0.658
0.807
2.258
2.016
-0.322
-1.360
-2.624
-1.002
1.330
0.209
0.001
1.186
1.052
1.496
-0.427
-1.919
-5.080
-3.133
0.690
0.897
3.399
1.935
1.448
0.398
-0.758
-1.002
0.371
-1.019
-0.950
0.145
1.233
0.913
1.748
0.458
-0.629
-1.600
-1.543
-2.255
-3.107
-1.654
-1.617
-0.806
0.449
-0.001
0.721
0.245
-0.579
-0.851
-0.914
0.760
1.255
0.397
1.425
0.721
0.716
0.379
-0.494
-1.426
-1.077
-0.071
0.226
-0.418
0.203
0.219
0.713
0.907
0.182
-0.174
0.551
1.238
0.027
0.565
0.393
-1.184
-0.391
0.869
0.057
-0.252
0.108
0.151
-0.190
-0.201
1.137
-0.206
-0.345
-0.740
-0.567
0.561
0.256
0.406
1.921
0.618
-0.176
0.349
0.749
0.452
-0.902
0.613
-0.590
-0.067
-0.460
0.739
0.686
-0.258
0.541
1.088
-0.150
1.964
0.751
-0.823
0.272
-2.038
-2.345
-1.316
-1.962
-0.647
-0.608
-0.075
1.041
1.393
0.211
0.239
-0.750
-1.532
-1.777
-2.026
0.495
0.034
-0.062
1.010
-0.092
0.488
0.632
-0.378
0.952
-1.399
-1.414
-1.048
-2.052
-0.294
-1.237
-0.972
1.010
0.220
1.230
1.252
0.921
0.142
-0.304
-1.374
-1.663
-0.325
0.434
0.592
0.923
0.742
1.381
0.821
0.476
1.768
1.027
-1.255
-1.338
-0.978
0.515
1.067
0.519
0.410
0.219
0.537
1.456
1.139
1.225
1.802
-0.405
0.101
-0.671
-0.551
1.986
0.616
2.555
3.211
2.086
-0.329
-0.328
-0.217
-0.679
-0.834
-1.775
-0.514
0.396
0.573
-1.433
-1.019
-0.232
-0.184
-1.247
-1.603
-2.007
-0.579
0.013
0.543
-0.169
0.633
-0.724
-0.217
-0.456
-2.268
-1.170
-0.492
-0.605
0.432
0.029
0.776
0.915
-1.686
0.228
0.505
-1.206
-0.902
-2.304
-1.192
-0.785
-2.567
-0.861
-0.934
-1.395
-0.330
-0.289
-0.279
-1.165
0.536
-1.408
0.137
0.106
-0.470
2.203
-0.642
0.636
1.295
0.900
0.475
0.756
-0.003
-0.439
-1.562
-0.614
-2.168
-1.216
-2.019
0.220
1.541
-0.844
1.093
0.937
0.689
1.093
-1.568
-0.133
-0.445
-0.148
1.630
-0.573
1.074
0.969
1.116
1.779
1.894
2.162
0.548
-0.433
-0.044
-0.413
-0.958
-0.681
-0.831
-0.979
-0.052
0.028
-0.696
1.133
0.784
0.468
0.977
-1.571
-1.115
-1.130
-0.547
0.924
-0.386
1.475
0.067
-0.040
0.923
1.021
-0.174
1.172
0.756
0.247
0.185
1.217
0.657
-0.054
0.331
-0.459
-0.269
0.226
0.558
0.592
1.718
0.025
1.198
1.099
0.572
1.235
0.284
-1.695
-1.951
-0.537
0.196
1.218
1.740
1.439
1.496
1.048
1.321
2.016
0.918
-1.274
-1.119
-1.516
-3.612
-2.177
-3.090
-0.865
0.655
-0.829
-1.464
-1.002
-0.411
-0.797
-1.245
0.793
-0.761
-0.209
-0.357
-0.213
0.558
0.454
-0.047
-0.585
-0.048
-0.802
-0.969
-2.214
-1.605
-0.744
-1.463
-0.933
-0.294
1.568
2.496
1.444
0.793
0.025
-2.421
-1.088
-0.854
-1.525
-1.550
0.427
1.256
1.711
2.920
3.403
2.980
0.418
0.020
-0.663
-0.860
-1.176
-1.733
-0.056
0.192
0.469
1.664
-0.287
0.465
2.404
1.126
0.076
0.261
-1.003
-1.204
0.834
-0.100
0.388
-0.804
0.699
-0.185
-1.070
0.229
0.383
-1.196
0.586
-0.536
-0.409
1.126
-2.018
-0.941
-0.984
0.279
-0.370
-0.646
0.106
-1.734
-1.148
-0.860
-0.868
0.569
2.167
1.267
1.770
1.522
0.574
-1.217
-0.928
-1.121
-0.973
1.340
-0.078
0.297
0.439
1.096
-0.040
2.386
1.416
0.514
1.412
0.630
-0.898
-1.996
0.031
-1.349
-0.098
0.861
-1.151
0.603
-0.972
-0.057
-0.182
0.463
-0.701
0.299
-0.089
1.968
1.117
0.690
-0.133
-0.761
0.268
-0.224
-2.044
-0.144
0.300
-0.098
0.439
0.182
-0.228
1.936
3.305
2.415
1.916
-0.377
-2.479
-0.362
-2.094
-2.391
-1.431
-0.348
-0.470
0.813
0.207
1.831
1.549
-1.455
-0.607
-3.918
-1.658
-1.190
0.434
1.329
1.443
2.105
0.374
1.091
2.018
-0.037
-0.814
-1.487
-2.423
0.327
2.139
2.650
2.477
2.718
0.789
0.825
0.069
-1.242
-0.363
-1.146
0.419
1.053
0.867
2.354
1.475
1.389
1.730
1.312
-0.549
-0.010
-2.356
-1.122
0.275
-1.368
1.938
0.430
-0.690
0.143
0.700
-0.821
-0.639
-1.921
-0.957
-0.374
0.637
1.660
2.327
1.307
-0.298
-1.965
-1.067
-0.736
-1.463
-0.250
-1.130
0.849
1.394
0.103
-0.029
-1.966
-3.072
-0.960
-0.367
-1.727
-0.230
-0.702
0.081
1.400
1.097
0.464
0.670
-1.936
0.556
0.763
-0.451
1.059
0.645
0.814
1.271
1.315
0.656
0.421
-1.308
-1.096
-1.123
-0.810
0.248
-0.172
0.437
1.157
-0.748
1.270
0.457
-4.414
-2.012
-4.797
-1.606
-0.487
-2.177
-0.651
1.187
0.755
1.299
2.118
0.183
-0.865
-2.089
-1.543
-0.862
-0.574
0.735
0.222
2.987
2.246
0.912
0.595
-0.809
-0.529
-0.618
-0.259
-0.742
-1.604
-0.817
2.476
2.557
3.721
2.397
-0.251
-0.321
-2.370
-0.783
-0.481
-0.823
0.855
0.968
1.791
2.721
1.578
0.553
-1.063
-1.825
-0.644
-0.889
-0.473
1.046
2.100
2.829
3.118
2.738
1.283
1.349
-0.930
-1.199
-1.324
-2.815
-0.919
0.344
1.340
2.700
2.700
2.331
0.056
-1.029
-0.853
-3.290
-3.059
-1.396
-0.304
0.165
-0.260
3.088
1.839
1.908
-1.450
-2.010
-2.585
-3.000
-0.256
-1.179
-1.215
1.562
1.485
2.428
-0.231
-2.033
-0.652
-1.159
-2.579
-2.608
-3.028
-0.982
0.639
1.082
2.204
1.379
-0.076
0.694
-1.810
-1.643
0.162
-1.474
0.834
-1.560
-1.503
1.933
0.166
2.500
4.108
2.316
1.977
0.840
-1.085
1.991
0.600
-0.534
-0.135
-0.241
2.285
1.305
1.859
1.698
0.445
1.041
0.143
-1.079
1.074
-0.659
0.117
1.367
0.451
-1.406
-1.643
-0.815
2.579
0.805
0.007
-0.471
0.565
0.944
0.067
-1.597
-1.714
-2.097
-1.304
-1.249
0.814
-0.852
0.308
-0.583
1.565
0.915
-0.336
1.062
-0.593
-0.320
0.271
-0.510
-0.137
1.512
1.899
0.844
0.634
-1.263
-1.067
0.114
-0.922
0.387
-0.148
0.130
-0.502
1.094
2.176
-2.505
-1.938
-3.213
-2.041
0.071
-0.828
0.628
-0.940
0.337
0.888
-0.016
2.318
0.938
1.192
-2.188
-3.097
-1.908
-2.010
-1.511
-1.998
-0.527
-2.900
-2.129
-0.893
-1.716
0.333
-0.880
-2.120
-1.981
-2.043
-0.215
0.500
1.158
-0.093
-0.081
-0.275
0.162
-0.852
-0.859
-1.322
-2.551
-0.712
-0.935
0.638
3.597
1.920
2.185
1.769
0.344
-0.054
-2.014
-0.726
-0.530
-1.083
0.044
1.320
2.575
2.910
4.000
4.468
3.180
-0.228
-0.904
0.811
0.103
-0.601
-1.442
-0.333
1.739
3.136
3.270
5.276
2.254
3.784
1.199
0.991
0.950
1.140
1.820
0.836
2.954
2.868
2.420
2.421
1.396
-0.041
0.916
-0.947
-1.836
-1.993
0.352
1.113
0.608
1.711
0.061
