-143.000
-114.000
4609.000
7309.000
3372.000
-2305.000
-885.000
6750.000
9453.000
2705.000
-4159.000
-2192.000
5697.000
10021.000
5265.000
-3613.000
-5073.000
3978.000
11252.000
6387.000
-2903.000
-3578.000
3737.000
8423.000
5460.000
220.000
-636.000
2385.000
4768.000
4436.000
2388.000
1385.000
2873.000
3788.000
2116.000
1195.000
2915.000
4690.000
4508.000
2387.000
-160.000
110.000
4193.000
7234.000
4307.000
-828.000
-718.000
3518.000
5307.000
3764.000
2353.000
2233.000
2239.000
2094.000
2912.000
4469.000
4185.000
1824.000
1315.000
3277.000
3268.000
1630.000
3067.000
5462.000
3138.000
-884.000
345.000
4791.000
5893.000
3503.000
821.000
-353.000
1791.000
5900.000
6255.000
1642.000
-1291.000
1486.000
5374.000
5260.000
2756.000
1600.000
1799.000
2176.000
3066.000
3905.000
3607.000
2877.000
2611.000
2260.000
1415.000
1292.000
3279.000
5626.000
4749.000
1084.000
-859.000
969.000
3998.000
5660.000
5715.000
3439.000
-962.000
-2186.000
3435.000
9252.000
6440.000
-1816.000
-3725.000
3482.000
8978.000
5067.000
-1797.000
-1843.000
4082.000
7267.000
3923.000
-473.000
92.000
4564.000
8977.000
10341.000
6017.000
776.000
2624.000
4891.000
-2723.000
-10045.000
-3306.000
6223.000
2759.000
-3525.000
318.000
5871.000
5398.000
4405.000
5541.000
4640.000
1613.000
1088.000
4075.000
6975.000
7297.000
4979.000
-191.000
-5025.000
-3218.000
3544.000
7349.000
6868.000
4538.000
1515.000
1324.000
4150.000
4074.000
193.000
-1834.000
816.000
5342.000
7432.000
5095.000
220.000
-2140.000
1378.000
6289.000
5903.000
2783.000
1975.000
1998.000
1745.000
2526.000
3559.000
4088.000
4095.000
2742.000
-67.000
-1822.000
1117.000
7147.000
8849.000
3393.000
-2309.000
-1612.000
3196.000
6526.000
5602.000
1122.000
-2172.000
-596.000
3867.000
6623.000
4783.000
375.000
-493.000
4133.000
8130.000
6212.000
1578.000
226.000
1631.000
1726.000
1497.000
2557.000
2472.000
1263.000
1653.000
3812.000
5814.000
5501.000
3352.000
3078.000
5254.000
5064.000
276.000
-3685.000
-1595.000
3693.000
6262.000
3930.000
-781.000
-1890.000
3853.000
10947.000
10879.000
3778.000
-2685.000
-3859.000
67.000
5663.000
6362.000
1082.000
-1972.000
1631.000
5441.000
4123.000
2599.000
5431.000
7553.000
4107.000
-1406.000
-2660.000
1787.000
6081.000
4416.000
-607.000
-2576.000
495.000
5969.000
8858.000
5126.000
-898.000
71.000
6174.000
6341.000
628.000
-1168.000
1638.000
2851.000
2242.000
1838.000
760.000
781.000
4677.000
8211.000
5836.000
1447.000
2082.000
5767.000
4912.000
-1362.000
-5416.000
-1855.000
5210.000
8475.000
6496.000
3173.000
1949.000
2737.000
3216.000
1719.000
-368.000
503.000
4256.000
6034.000
4098.000
2317.000
2730.000
2989.000
2036.000
1653.000
1866.000
1388.000
1152.000
2073.000
2958.000
3135.000
3946.000
5788.000
5347.000
1964.000
2102.000
7708.000
9717.000
3210.000
-3099.000
-1800.000
2360.000
3930.000
4092.000
3639.000
1428.000
-555.000
1086.000
4571.000
4616.000
1131.000
-1037.000
207.000
3113.000
5563.000
6037.000
4636.000
3403.000
3254.000
3124.000
2879.000
3339.000
3632.000
1623.000
-2856.000
-5016.000
374.000
8624.000
9511.000
3058.000
-1576.000
-118.000
4406.000
7735.000
7118.000
3226.000
36.000
4.000
1891.000
3434.000
3492.000
2456.000
1613.000
1417.000
1080.000
1374.000
4124.000
6499.000
3757.000
-976.000
-413.000
4594.000
6630.000
4044.000
2158.000
3193.000
4010.000
2609.000
787.000
1259.000
3561.000
3974.000
1464.000
-790.000
-867.000
862.000
3544.000
5094.000
4646.000
3892.000
3586.000
3736.000
4579.000
5266.000
5349.000
4348.000
1290.000
-1397.000
-1196.000
121.000
2490.000
6070.000
4555.000
-3067.000
-4757.000
4658.000
12036.000
6339.000
-3779.000
-3667.000
4996.000
9090.000
5300.000
1385.000
1486.000
3034.000
3884.000
3593.000
2095.000
991.000
1769.000
3411.000
4161.000
3122.000
823.000
-76.000
2832.000
7157.000
7023.000
2142.000
31.000
4167.000
7564.000
3821.000
-2903.000
-4204.000
1542.000
7786.000
7704.000
2078.000
-1767.000
791.000
5715.000
6333.000
2225.000
-1557.000
-1010.000
3092.000
6537.000
5921.000
1469.000
-2341.000
-617.000
4717.000
6984.000
4885.000
2362.000
948.000
545.000
2832.000
6816.000
6504.000
-106.000
-4552.000
637.000
9090.000
9658.000
2236.000
-3550.000
-1831.000
3419.000
6073.000
5333.000
3013.000
621.000
699.000
3987.000
6409.000
4126.000
-999.000
-3515.000
-558.000
4179.000
5091.000
3561.000
4247.000
5226.000
3726.000
3200.000
4981.000
5164.000
3138.000
1255.000
-2.000
384.000
3091.000
4754.000
2668.000
-216.000
-120.000
1607.000
1807.000
1233.000
2705.000
5463.000
5744.000
3747.000
3276.000
4424.000
4526.000
3767.000
3379.000
2506.000
397.000
-956.000
883.000
3590.000
2569.000
2.000
1637.000
5246.000
4848.000
1936.000
1318.000
3188.000
5299.000
5832.000
3612.000
261.000
-194.000
3080.000
5704.000
3950.000
487.000
776.000
4750.000
6997.000
4913.000
1661.000
644.000
1442.000
2222.000
1760.000
503.000
1144.000
4368.000
6387.000
3696.000
-822.000
-263.000
5224.000
7065.000
2171.000
-2309.000
-683.000
4843.000
8557.000
6480.000
519.000
-2618.000
108.000
4519.000
6045.000
4812.000
2200.000
-1118.000
-1834.000
2494.000
7146.000
6758.000
3524.000
1927.000
1775.000
1640.000
2655.000
4304.000
3303.000
-505.000
-1934.000
3460.000
11061.000
10635.000
1612.000
-4845.000
-1798.000
5141.000
6917.000
2145.000
-2211.000
-298.000
4421.000
5248.000
3024.000
2008.000
1754.000
1217.000
2595.000
5892.000
7066.000
4113.000
611.000
887.000
3506.000
3291.000
-697.000
-3200.000
70.000
6225.000
8939.000
5820.000
307.000
-1083.000
3963.000
8313.000
4520.000
-2793.000
-3475.000
2678.000
6673.000
3813.000
-787.000
89.000
5633.000
8181.000
4136.000
-779.000
938.000
7670.000
10150.000
4386.000
-3763.000
-6609.000
-1834.000
5249.000
6443.000
1510.000
-1702.000
1005.000
6061.000
8518.000
7238.000
4255.000
1533.000
5.000
-35.000
1236.000
4095.000
7223.000
6329.000
948.000
-1703.000
2533.000
6961.000
4497.000
-2398.000
-6287.000
-2551.000
5733.000
9697.000
5977.000
764.000
-939.000
35.000
3261.000
7864.000
8169.000
1227.000
-4885.000
-591.000
9574.000
11194.000
855.000
-7645.000
-3255.000
6580.000
9274.000
5529.000
3299.000
3613.000
3294.000
2189.000
718.000
-933.000
-578.000
2426.000
4494.000
3076.000
1520.000
3779.000
6578.000
4525.000
-66.000
-1594.000
91.000
2473.000
4141.000
3783.000
1669.000
-14.000
1046.000
5594.000
9371.000
6213.000
-1063.000
-1836.000
5329.000
8561.000
2172.000
-3146.000
1071.000
7231.000
5723.000
-579.000
-2326.000
2441.000
5684.000
2397.000
-753.000
2588.000
7123.000
5491.000
-51.000
-1973.000
1752.000
5520.000
4723.000
2458.000
3577.000
5715.000
3549.000
233.000
3295.000
9460.000
8147.000
271.000
-2328.000
3803.000
9393.000
7869.000
3353.000
1526.000
2235.000
3385.000
3632.000
599.000
-5471.000
-8116.000
-2661.000
5192.000
6925.000
2756.000
-1052.000
-1010.000
1663.000
4125.000
4199.000
1668.000
-980.000
-1333.000
-570.000
-417.000
385.000
2299.000
3659.000
4452.000
4846.000
3507.000
2379.000
5996.000
12603.000
14597.000
9924.000
4292.000
2152.000
2894.000
5094.000
7564.000
7632.000
4345.000
956.000
-686.000
-2655.000
-4497.000
-3109.000
-268.000
-232.000
-1325.000
376.000
3546.000
5449.000
6411.000
6212.000
3730.000
1458.000
2681.000
5558.000
6660.000
6118.000
5254.000
4383.000
4448.000
5742.000
5984.000
4241.000
2614.000
1028.000
-1869.000
-3714.000
-2907.000
-1928.000
-1434.000
-323.000
-28.000
-421.000
1815.000
5343.000
3447.000
-4086.000
-7733.000
-2624.000
4217.000
5732.000
3334.000
1922.000
4349.000
9477.000
11395.000
6182.000
535.000
3159.000
9674.000
9945.000
4570.000
1028.000
1306.000
2520.000
2127.000
-495.000
-2841.000
-2494.000
-1224.000
-481.000
1682.000
5151.000
6183.000
3881.000
1921.000
2541.000
4551.000
6639.000
7214.000
4103.000
-1286.000
-3507.000
336.000
6268.000
7861.000
3668.000
-1461.000
-2120.000
2003.000
6514.000
6922.000
2985.000
53.000
2478.000
6475.000
6549.000
3976.000
1819.000
390.000
266.000
1843.000
3518.000
3174.000
-39.000
-2461.000
1229.000
6850.000
4872.000
-2319.000
-3501.000
3854.000
11259.000
10305.000
2377.000
-3261.000
-1353.000
3784.000
5191.000
2499.000
1778.000
5295.000
7323.000
4171.000
749.000
2551.000
7671.000
9487.000
4094.000
-3692.000
-4008.000
3775.000
7893.000
1661.000
-6102.000
-4847.000
3041.000
7472.000
4040.000
-1532.000
-964.000
5241.000
7961.000
2795.000
-2622.000
-155.000
5662.000
5640.000
1478.000
1744.000
7069.000
9497.000
5950.000
2464.000
2534.000
2219.000
656.000
2027.000
4126.000
908.000
-3587.000
-487.000
7522.000
9774.000
4518.000
280.000
1731.000
4797.000
5241.000
3684.000
2535.000
2396.000
1525.000
-373.000
-91.000
3098.000
4419.000
2204.000
1483.000
4384.000
6570.000
5042.000
1409.000
-1148.000
-600.000
1506.000
1098.000
-2046.000
-2326.000
2446.000
6134.000
5844.000
6532.000
8344.000
6203.000
1950.000
615.000
1873.000
4502.000
7298.000
5655.000
-326.000
-2698.000
1390.000
5859.000
6195.000
3541.000
824.000
68.000
904.000
1255.000
1211.000
2424.000
3356.000
2049.000
832.000
1700.000
2805.000
3000.000
3100.000
2476.000
1377.000
3264.000
7509.000
7892.000
3711.000
810.000
729.000
432.000
-190.000
270.000
849.000
705.000
656.000
1495.000
3318.000
4915.000
4653.000
3330.000
2728.000
2041.000
560.000
699.000
3521.000
5329.000
3242.000
1157.000
4300.000
9191.000
8170.000
2769.000
842.000
3548.000
5554.000
4096.000
1845.000
2115.000
4177.000
5347.000
5154.000
4552.000
3945.000
2808.000
-161.000
-4008.000
-4691.000
-875.000
4020.000
6313.000
4273.000
-173.000
-810.000
4846.000
10151.000
8393.000
2266.000
-208.000
3071.000
6150.000
4875.000
1125.000
-3491.000
-7673.000
-7084.000
-731.000
4858.000
3513.000
-2012.000
-3071.000
2589.000
8035.000
8260.000
5080.000
2259.000
2094.000
3997.000
5604.000
6354.000
6724.000
5586.000
1991.000
-1172.000
1113.000
7126.000
7661.000
401.000
-5217.000
-2947.000
1938.000
2616.000
-332.000
-2255.000
-938.000
2359.000
5040.000
5536.000
5216.000
6564.000
8820.000
8214.000
3717.000
193.000
2665.000
8303.000
9234.000
3596.000
-1969.000
-2246.000
462.000
2066.000
2129.000
1621.000
203.000
-2041.000
-2721.000
166.000
4231.000
4834.000
2286.000
1986.000
5441.000
7909.000
7047.000
5685.000
4764.000
2658.000
1158.000
2993.000
5365.000
4235.000
1352.000
857.000
3042.000
5063.000
4650.000
1910.000
-126.000
1403.000
4286.000
3934.000
963.000
-409.000
-168.000
-1342.000
-3263.000
-2049.000
3153.000
8111.000
8879.000
6120.000
3120.000
2452.000
3450.000
2555.000
-339.000
-497.000
1625.000
961.000
-91.000
3646.000
8262.000
8000.000
5385.000
5300.000
7257.000
7110.000
3353.000
229.000
1294.000
3186.000
1282.000
-3508.000
-6390.000
-3203.000
4630.000
8816.000
4175.000
-2471.000
-2608.000
1809.000
4885.000
5173.000
3697.000
2334.000
3413.000
6328.000
7197.000
4687.000
2390.000
2661.000
3133.000
1685.000
328.000
1068.000
1890.000
1669.000
3315.000
6583.000
6752.000
4538.000
5060.000
6273.000
3161.000
-667.000
-362.000
423.000
-1255.000
-1347.000
1319.000
1609.000
-1670.000
-2121.000
3514.000
9094.000
8600.000
4932.000
3921.000
5309.000
5578.000
4708.000
4474.000
3824.000
785.000
-2953.000
-3121.000
1327.000
5842.000
5272.000
172.000
-3633.000
-1643.000
4252.000
7985.000
5926.000
1130.000
-66.000
2838.000
4017.000
2164.000
2058.000
3781.000
3217.000
1984.000
4249.000
7501.000
6496.000
2562.000
1101.000
2540.000
3130.000
1765.000
50.000
-933.000
-344.000
1033.000
-391.000
-4483.000
-4465.000
2147.000
7766.000
6669.000
2691.000
713.000
1585.000
4849.000
7481.000
5210.000
343.000
-414.000
3499.000
7097.000
7352.000
5379.000
4125.000
4315.000
5217.000
7802.000
10197.000
7173.000
423.000
-1844.000
2115.000
5661.000
3441.000
-1648.000
-2120.000
2054.000
2837.000
-1405.000
-4043.000
-2200.000
988.000
2052.000
-38.000
-1949.000
908.000
6074.000
6753.000
3662.000
3761.000
7882.000
9883.000
6646.000
2378.000
3259.000
8218.000
8413.000
827.000
-5276.000
-2398.000
4202.000
5520.000
1172.000
-2667.000
-3058.000
-1176.000
2260.000
5165.000
3853.000
-218.000
-1223.000
1664.000
4490.000
5949.000
6017.000
3651.000
1666.000
4600.000
10155.000
11496.000
6869.000
2096.000
3400.000
8737.000
9402.000
1618.000
-7494.000
-9137.000
-4111.000
491.000
906.000
-1937.000
-4722.000
-2935.000
3764.000
9743.000
11146.000
8353.000
2697.000
-599.000
3674.000
9846.000
8174.000
-313.000
-6258.000
-3054.000
7024.000
13107.000
7242.000
-3691.000
-6084.000
2468.000
10673.000
8300.000
-528.000
-3398.000
1788.000
5432.000
3899.000
1943.000
-237.000
-3962.000
-3572.000
3158.000
7702.000
4101.000
-1599.000
-993.000
4736.000
8283.000
7534.000
6313.000
6995.000
7461.000
5082.000
2645.000
4684.000
6329.000
-580.000
-10095.000
-10258.000
-3541.000
80.000
-119.000
-775.000
-2826.000
-4616.000
-644.000
7332.000
10641.000
6715.000
2301.000
3616.000
9128.000
12653.000
11447.000
8513.000
6354.000
4784.000
5361.000
8093.000
7121.000
357.000
-4526.000
-2558.000
472.000
-1349.000
-5101.000
-4736.000
-631.000
897.000
-1392.000
-1015.000
4136.000
8036.000
7074.000
4952.000
5876.000
8302.000
8936.000
8472.000
8070.000
6232.000
3554.000
2522.000
1102.000
-3582.000
-6497.000
-1843.000
4333.000
2694.000
-3429.000
-3787.000
2456.000
6267.000
2581.000
-2169.000
45.000
6415.000
8258.000
4785.000
2650.000
3441.000
3022.000
2269.000
4479.000
5585.000
1439.000
-2921.000
-1746.000
3273.000
7054.000
5963.000
1083.000
-798.000
3769.000
7867.000
5187.000
717.000
728.000
2524.000
2255.000
956.000
-478.000
-1250.000
16.000
566.000
-1764.000
-2205.000
1319.000
2223.000
-2255.000
-4980.000
-782.000
5993.000
8950.000
7133.000
4434.000
5314.000
8830.000
8735.000
4786.000
4842.000
9491.000
9624.000
3968.000
2177.000
8163.000
13567.000
9988.000
763.000
-3249.000
1606.000
6665.000
3221.000
-4289.000
-4561.000
1776.000
3839.000
319.000
-1283.000
-86.000
368.000
344.000
457.000
-498.000
-1407.000
818.000
6247.000
11331.000
12910.000
10777.000
7823.000
7448.000
8994.000
7781.000
1829.000
-4656.000
-7457.000
-6739.000
-4556.000
-3651.000
-5081.000
-5305.000
-1878.000
2173.000
3495.000
2724.000
2878.000
4407.000
3654.000
659.000
1132.000
4239.000
1918.000
-4456.000
-4322.000
2785.000
7297.000
6464.000
4574.000
3631.000
3977.000
5807.000
7354.000
6510.000
3620.000
1122.000
1080.000
2794.000
4192.000
4893.000
4551.000
1726.000
-870.000
2261.000
7962.000
6743.000
-1086.000
-5331.000
-760.000
7125.000
8765.000
1919.000
-4042.000
-461.000
8224.000
11664.000
7874.000
4340.000
6518.000
10236.000
9260.000
4967.000
2442.000
2356.000
1643.000
-1538.000
-5969.000
-8234.000
-5438.000
621.000
3595.000
441.000
-4285.000
-4697.000
-681.000
2980.000
2146.000
-2484.000
-5787.000
-4636.000
-2451.000
-2966.000
-4359.000
-3502.000
-536.000
2616.000
5676.000
10000.000
15513.000
20075.000
21666.000
19950.000
16717.000
14487.000
13901.000
12651.000
7675.000
-141.000
-5344.000
-4726.000
-2210.000
-3617.000
-8173.000
-9735.000
-5118.000
2285.000
5486.000
1259.000
-5143.000
-6696.000
-3113.000
1441.000
3027.000
-489.000
-5541.000
-4587.000
3214.000
10563.000
11981.000
8139.000
4329.000
6814.000
13999.000
15790.000
8134.000
-700.000
-2403.000
1149.000
1969.000
-3941.000
-11191.000
-11289.000
-4600.000
-198.000
-2723.000
-6813.000
-5735.000
437.000
6285.000
7912.000
6225.000
4335.000
4644.000
7449.000
10313.000
11313.000
11692.000
11616.000
9379.000
7604.000
10578.000
15553.000
16126.000
12282.000
9764.000
11070.000
13226.000
13811.000
12054.000
6385.000
-1061.000
-3852.000
-1259.000
345.000
-1297.000
-1444.000
1409.000
2009.000
-845.000
-1615.000
836.000
1979.000
-260.000
-4077.000
-7024.000
-8398.000
-8582.000
-8138.000
-8646.000
-9881.000
-8423.000
-3456.000
1840.000
5081.000
5462.000
4381.000
5865.000
10224.000
11421.000
6260.000
-268.000
-2865.000
-2431.000
-2189.000
-3335.000
-5122.000
-5742.000
-3723.000
-159.000
964.000
-2844.000
-7637.000
-7026.000
-2320.000
-960.000
-3636.000
-3493.000
2088.000
8686.000
12709.000
15372.000
18296.000
19710.000
17595.000
13190.000
8821.000
5543.000
3284.000
125.000
-5282.000
-9051.000
-6885.000
-2505.000
-2351.000
-5898.000
-8783.000
-9261.000
-7149.000
-2401.000
3098.000
6031.000
5056.000
2868.000
4509.000
11331.000
17656.000
18539.000
17141.000
19048.000
24170.000
27920.000
27465.000
24061.000
20506.000
17843.000
13991.000
7301.000
1275.000
460.000
3214.000
4907.000
4141.000
220.000
-6811.000
-10032.000
-3595.000
3594.000
-731.000
-11909.000
-16165.000
-11566.000
-6822.000
-6835.000
-10099.000
-12563.000
-9406.000
-310.000
7694.000
9350.000
8979.000
12028.000
15492.000
14594.000
11763.000
11305.000
10314.000
3397.000
-6025.000
-8423.000
-1999.000
4280.000
3493.000
518.000
2962.000
9553.000
14886.000
16100.000
11696.000
4192.000
922.000
3632.000
4616.000
-1246.000
-9948.000
-16045.000
-17196.000
-12808.000
-7236.000
-9190.000
-18803.000
-23537.000
-16119.000
-5309.000
-1367.000
-2868.000
-3798.000
-2582.000
1330.000
8983.000
16227.000
16881.000
12635.000
11907.000
18837.000
26669.000
25417.000
17511.000
14244.000
15171.000
10332.000
309.000
-6509.000
-10127.000
-16002.000
-23307.000
-26413.000
-23649.000
-19465.000
-17826.000
-16640.000
-11710.000
-3043.000
4380.000
5990.000
5367.000
9942.000
16926.000
17739.000
14286.000
13097.000
12472.000
11314.000
14312.000
18771.000
16194.000
8899.000
7325.000
12204.000
13578.000
7187.000
-328.000
-3027.000
-2805.000
-4447.000
-8677.000
-12822.000
-16216.000
-18676.000
-17585.000
-13398.000
-11341.000
-13354.000
-14334.000
-8503.000
3071.000
13480.000
17342.000
16639.000
20274.000
32369.000
42428.000
39731.000
30752.000
26888.000
26947.000
24025.000
15991.000
4185.000
-7606.000
-14912.000
-18245.000
-21953.000
-26598.000
-28860.000
-27381.000
-22001.000
-12254.000
-3103.000
-1491.000
-2291.000
5685.000
18624.000
22556.000
16504.000
12316.000
15471.000
20100.000
19914.000
15051.000
9543.000
6742.000
7170.000
8463.000
7284.000
2770.000
-1758.000
-2066.000
1510.000
3603.000
1070.000
-2320.000
-2388.000
-969.000
-2089.000
-5693.000
-7368.000
-5352.000
-4210.000
-5629.000
-3951.000
2233.000
5929.000
4088.000
2701.000
5824.000
9520.000
10636.000
11500.000
13187.000
13003.000
10224.000
8532.000
9991.000
11311.000
9563.000
5604.000
1126.000
-1863.000
-1942.000
-1108.000
-1483.000
-1661.000
-1247.000
-2178.000
-3493.000
-2434.000
-261.000
-915.000
-4748.000
-8190.000
-8965.000
-7503.000
-4247.000
21.000
3478.000
5946.000
8601.000
11462.000
14620.000
17792.000
17534.000
11461.000
4123.000
1436.000
1986.000
689.000
-3005.000
-5958.000
-6776.000
-7865.000
-10728.000
-10705.000
-4515.000
1130.000
1097.000
2338.000
9907.000
16845.000
16542.000
11488.000
8574.000
11073.000
13379.000
8811.000
1116.000
-1972.000
-503.000
596.000
-1041.000
-4114.000
-6189.000
-6827.000
-7677.000
-9252.000
-10672.000
-11446.000
-9937.000
-4024.000
2695.000
4480.000
5283.000
12470.000
21457.000
23265.000
20413.000
19888.000
19782.000
16225.000
12509.000
11405.000
8811.000
877.000
-9150.000
-14409.000
-13079.000
-10654.000
-12361.000
-17081.000
-20790.000
-21085.000
-17096.000
-9495.000
-1287.000
3401.000
3794.000
5221.000
11872.000
20658.000
28231.000
33499.000
32637.000
25100.000
18718.000
18530.000
18452.000
9928.000
-5503.000
-17744.000
-22162.000
-23702.000
-25907.000
-26320.000
-23176.000
-18167.000
-13234.000
-8161.000
-489.000
10733.000
20746.000
23736.000
21715.000
22229.000
27166.000
30162.000
25901.000
17937.000
13098.000
11068.000
6876.000
-636.000
-9468.000
-17779.000
-22556.000
-21864.000
-20424.000
-24064.000
-28087.000
-22730.000
-8775.000
3789.000
10126.000
14630.000
21432.000
28700.000
34505.000
38691.000
37853.000
29144.000
16518.000
5621.000
-2101.000
-7628.000
-12971.000
-20938.000
-30459.000
-34522.000
-28498.000
-17225.000
-8847.000
-5821.000
-4530.000
337.000
11347.000
24659.000
31771.000
29220.000
24173.000
24699.000
27937.000
24909.000
14493.000
4632.000
460.000
-1814.000
-7757.000
-15938.000
-20710.000
-20959.000
-20505.000
-21626.000
-22101.000
-18014.000
-8665.000
1314.000
8009.000
14647.000
24433.000
32246.000
32528.000
28844.000
27790.000
27963.000
22446.000
10229.000
-2541.000
-10833.000
-15130.000
-19662.000
-27025.000
-33417.000
-32356.000
-23454.000
-12261.000
-2600.000
4685.000
10067.000
16690.000
25784.000
32870.000
34741.000
32482.000
26873.000
19036.000
10874.000
1442.000
-9179.000
-16010.000
-17661.000
-20036.000
-24174.000
-22496.000
-12587.000
-1771.000
4199.000
6867.000
9841.000
14113.000
18739.000
21787.000
20857.000
16351.000
11777.000
8546.000
4630.000
-1768.000
-10072.000
-17024.000
-18902.000
-15705.000
-11390.000
-9385.000
-8366.000
-3198.000
7451.000
17175.000
20864.000
21997.000
24532.000
25441.000
21316.000
14966.000
9702.000
3092.000
-6118.000
-12199.000
-12559.000
-13662.000
-19115.000
-22449.000
-17907.000
-8436.000
1078.000
8480.000
12195.000
13505.000
17449.000
24172.000
25911.000
18947.000
9764.000
3831.000
-543.000
-4168.000
-5396.000
-6721.000
-10653.000
-12379.000
-8285.000
-4670.000
-6480.000
-6832.000
493.000
8671.000
9984.000
8391.000
9187.000
10415.000
12307.000
17072.000
17410.000
7683.000
-715.000
2151.000
7472.000
5003.000
-2143.000
-7055.000
-7709.000
-5542.000
-3202.000
-3000.000
-4975.000
-6267.000
-3795.000
1154.000
3510.000
2116.000
2465.000
7652.000
12576.000
12673.000
10547.000
9531.000
9694.000
10470.000
9714.000
4620.000
-2213.000
-4904.000
-3381.000
-2909.000
-5892.000
-9498.000
-9870.000
-6552.000
-2516.000
-55.000
1282.000
2618.000
4634.000
8262.000
12640.000
14167.000
11933.000
9680.000
10460.000
13623.000
14507.000
8105.000
-2115.000
-6531.000
-3782.000
-2227.000
-6864.000
-13372.000
-14684.000
-8812.000
-321.000
4007.000
2325.000
639.000
5525.000
15688.000
23151.000
21711.000
14052.000
8360.000
7549.000
7614.000
4755.000
-2517.000
-12867.000
-19894.000
-18243.000
-11713.000
-7278.000
-4820.000
-341.000
6766.000
15209.000
23140.000
25791.000
20585.000
12983.000
8700.000
6429.000
2504.000
-4447.000
-12486.000
-16732.000
-14122.000
-7427.000
-2569.000
-1342.000
232.000
4390.000
9066.000
12987.000
14575.000
10892.000
4446.000
1609.000
3359.000
5786.000
5586.000
2644.000
364.000
1453.000
4080.000
4339.000
1660.000
-77.000
379.000
-863.000
-3074.000
-869.000
2861.000
975.000
-3401.000
-2454.000
2854.000
5848.000
3940.000
3.000
-1320.000
2764.000
9534.000
11942.000
7818.000
4473.000
8381.000
14551.000
13762.000
6038.000
-964.000
-3086.000
-1969.000
-817.000
-3366.000
-10234.000
-14071.000
-8264.000
704.000
1540.000
-3505.000
-1888.000
8939.000
18138.000
17908.000
12157.000
9526.000
12875.000
14989.000
8207.000
-2677.000
-7747.000
-7977.000
-10149.000
-12810.000
-10904.000
-6309.000
-2461.000
3046.000
11487.000
17458.000
17691.000
16546.000
16681.000
14065.000
7224.000
802.000
-2580.000
-5111.000
-8299.000
-11053.000
-12256.000
-10711.000
-5653.000
-175.000
1655.000
1485.000
4317.000
11055.000
17505.000
19049.000
15650.000
12262.000
11669.000
9367.000
1791.000
-5911.000
-8704.000
-9974.000
-13396.000
-15347.000
-11761.000
-4856.000
1504.000
6091.000
8712.000
10741.000
14265.000
17069.000
15469.000
11377.000
8199.000
4716.000
-261.000
-3845.000
-4780.000
-6712.000
-10670.000
-10992.000
-4340.000
4030.000
7446.000
6224.000
7117.000
14513.000
21759.000
17789.000
4813.000
-2485.000
1565.000
6156.000
853.000
-10191.000
-14887.000
-9469.000
-2048.000
-115.000
-2168.000
-2749.000
911.000
7491.000
13150.000
14754.000
13062.000
11240.000
10026.000
8249.000
5527.000
1811.000
-1707.000
-2678.000
-1509.000
-497.000
812.000
2907.000
3549.000
1965.000
-343.000
-2300.000
-3264.000
-3577.000
-4426.000
-5073.000
-4338.000
-3004.000
-59.000
6597.000
13409.000
14597.000
11781.000
10742.000
12111.000
12611.000
10331.000
5409.000
137.000
-2399.000
-2604.000
-3517.000
-4924.000
-4430.000
-2968.000
-3151.000
-3887.000
-1864.000
2547.000
5455.000
5185.000
4468.000
5963.000
8080.000
7911.000
5970.000
3977.000
1306.000
-1791.000
-2001.000
1612.000
4828.000
4627.000
3176.000
3975.000
7491.000
9757.000
6459.000
35.000
-2772.000
-609.000
1511.000
486.000
-1321.000
-1340.000
-54.000
1905.000
4565.000
6501.000
5354.000
834.000
-2932.000
-840.000
4953.000
6714.000
2527.000
-1579.000
-60.000
6456.000
11991.000
10992.000
4997.000
1352.000
3840.000
8102.000
7658.000
1330.000
-5740.000
-7121.000
-1989.000
2685.000
63.000
-6818.000
-8291.000
-564.000
9209.000
11294.000
5702.000
2066.000
5520.000
10610.000
11517.000
7899.000
1627.000
-3722.000
-4796.000
-2380.000
368.000
737.000
-1800.000
-3003.000
1618.000
9103.000
12476.000
10423.000
7465.000
6427.000
6532.000
5831.000
1947.000
-3968.000
-5980.000
-2848.000
-1670.000
-6213.000
-9759.000
-4812.000
5645.000
11629.000
9156.000
5366.000
8329.000
15285.000
16676.000
10590.000
4787.000
2989.000
574.000
-3825.000
-5941.000
-5952.000
-7571.000
-9150.000
-6718.000
-1640.000
2107.000
4535.000
8471.000
13399.000
14998.000
11753.000
7915.000
6985.000
6293.000
1926.000
-4976.000
-9711.000
-9440.000
-5962.000
-2604.000
-558.000
346.000
2180.000
7911.000
14366.000
14985.000
11442.000
9646.000
8700.000
5981.000
2692.000
-1888.000
-8387.000
-11228.000
-6652.000
-753.000
-548.000
-3409.000
-1552.000
6655.000
13546.000
11944.000
5947.000
4646.000
7961.000
8793.000
4609.000
-1055.000
-4292.000
-4317.000
-3075.000
-2569.000
-2762.000
-1428.000
2801.000
6615.000
6381.000
5910.000
10164.000
14348.000
11627.000
5401.000
2193.000
1027.000
-1536.000
-4946.000
-6776.000
-5864.000
-4229.000
-4365.000
-3602.000
1307.000
7243.000
10015.000
9807.000
8535.000
8319.000
10076.000
10493.000
5732.000
-595.000
-979.000
3612.000
4596.000
48.000
-3118.000
-1821.000
103.000
311.000
-108.000
-731.000
-1160.000
888.000
5674.000
8330.000
5643.000
3137.000
6679.000
10986.000
8108.000
969.000
-1979.000
1003.000
4622.000
3357.000
-2249.000
-5346.000
-2534.000
863.000
526.000
-475.000
1423.000
4857.000
6201.000
5051.000
5551.000
8848.000
10539.000
9050.000
6288.000
2183.000
-2378.000
-4211.000
-3813.000
-5260.000
-9296.000
-11305.000
-6945.000
1950.000
8520.000
9168.000
8884.000
13257.000
18402.000
16981.000
10167.000
5152.000
4240.000
3021.000
-2243.000
-9327.000
-12369.000
-8336.000
-1670.000
130.000
-2930.000
-3175.000
3010.000
10243.000
12443.000
10179.000
7784.000
7480.000
7723.000
5164.000
-356.000
-3657.000
-1693.000
650.000
-1388.000
-3739.000
-433.000
5938.000
9184.000
8807.000
6878.000
3747.000
1687.000
3184.000
4367.000
682.000
-4415.000
-5678.000
-3165.000
930.000
4373.000
4944.000
3306.000
3168.000
6342.000
10305.000
11677.000
9591.000
5907.000
2730.000
477.000
-213.000
876.000
253.000
-4814.000
-9147.000
-5507.000
2895.000
5601.000
1293.000
-1008.000
3084.000
9103.000
11626.000
8093.000
880.000
-1765.000
4207.000
10355.000
7252.000
-837.000
-3033.000
1179.000
3625.000
1771.000
-729.000
-2097.000
-1807.000
1288.000
5147.000
5254.000
2202.000
2489.000
7603.000
9668.000
4657.000
554.000
3395.000
6771.000
4227.000
-745.000
-2894.000
-1636.000
1382.000
3335.000
1898.000
-463.000
1463.000
7340.000
10704.000
9063.000
6471.000
4557.000
1797.000
-511.000
-1323.000
-2380.000
-3720.000
-4527.000
-4855.000
-2771.000
2127.000
5158.000
4160.000
4026.000
7644.000
9679.000
5960.000
2692.000
5824.000
9086.000
5627.000
92.000
-1571.000
-696.000
668.000
2554.000
3282.000
1101.000
-1504.000
301.000
6232.000
9312.000
5823.000
865.000
-79.000
2202.000
4267.000
3649.000
447.000
-1728.000
112.000
3744.000
4632.000
1427.000
-1697.000
352.000
5311.000
6365.000
3145.000
1241.000
2630.000
4558.000
5249.000
4616.000
2351.000
-714.000
-2208.000
-941.000
1995.000
3779.000
1629.000
-2072.000
-1216.000
4234.000
7878.000
6937.000
5401.000
6316.000
6919.000
5982.000
7103.000
9430.000
6836.000
-959.000
-6081.000
-3053.000
2469.000
985.000
-6125.000
-9148.000
-4832.000
1491.000
5001.000
5841.000
6093.000
6374.000
7012.000
9341.000
11794.000
9421.000
2763.000
-644.000
1900.000
4402.000
2113.000
-2365.000
-4110.000
-2708.000
-552.000
2256.000
5128.000
4506.000
20.000
-2828.000
351.000
6682.000
8716.000
3758.000
-1802.000
-1428.000
3320.000
7684.000
9346.000
6983.000
1409.000
-1439.000
2979.000
8719.000
6629.000
-1018.000
-4001.000
315.000
4691.000
2796.000
-3443.000
-6261.000
-2122.000
2942.000
2699.000
355.000
2581.000
8268.000
10624.000
8436.000
7049.000
8314.000
8060.000
4182.000
262.000
-447.000
-57.000
-2204.000
-5950.000
-6439.000
-1624.000
3730.000
4073.000
1907.000
4222.000
10224.000
11459.000
5988.000
2277.000
5292.000
8111.000
3660.000
-3392.000
-5150.000
-2739.000
-1233.000
-442.000
1248.000
1758.000
942.000
2964.000
8025.000
10717.000
8855.000
5485.000
2775.000
1229.000
1800.000
3209.000
1914.000
-1912.000
-3838.000
-1670.000
2452.000
4957.000
3678.000
1392.000
3247.000
7221.000
6392.000
2235.000
1968.000
4711.000
4393.000
1183.000
-221.000
1189.000
1994.000
333.000
-903.000
1167.000
4339.000
4662.000
2579.000
1613.000
3529.000
7001.000
8434.000
5188.000
27.000
-1299.000
2015.000
4506.000
2065.000
-2335.000
-2665.000
1721.000
5358.000
5388.000
